// Auto-generated by train_ppo_pricing.py — do not edit manually
var PPO_DATA = {"n_epochs":200,"dp_optimal":30244.0,"demo1":{"rewards":[20849.7,21304.8,21712.1,22064.3,22843.6,23509.7,24007.2,24507.9,24942.1,25354.5,25752.3,26063.0,26359.6,26660.4,26889.3,27078.0,27231.4,27327.2,27575.0,27709.1,27823.4,27976.4,28047.7,28137.9,28219.8,28259.6,28313.4,28403.2,28459.6,28539.3,28563.0,28636.4,28646.1,28650.9,28635.4,28640.9,28708.8,28731.1,28713.0,28710.2,28739.5,28800.9,28735.2,28712.0,28690.2,28692.1,28670.9,28670.9,28573.8,28612.3,28597.7,28665.5,28653.9,28677.3,28674.3,28743.9,28756.8,28807.1,28774.6,28823.7,28846.2,28874.8,28901.8,28874.6,28842.9,28813.9,28809.8,28827.1,28818.0,28829.6,28881.1,28930.9,29004.5,29052.0,29013.6,29073.2,29092.1,29137.7,29128.0,29118.6,29130.4,29193.0,29187.7,29189.8,29145.4,29190.9,29213.2,29180.5,29153.4,29194.8,29202.5,29252.7,29218.0,29214.7,29257.9,29222.0,29164.5,29198.9,29195.7,29199.3,29144.1,29104.6,29133.6,29171.4,29170.2,29154.8,29190.5,29247.1,29344.3,29385.2,29410.2,29402.0,29432.8,29376.8,29354.3,29277.5,29268.4,29246.6,29250.0,29269.8,29255.7,29317.3,29264.1,29291.4,29274.1,29263.9,29282.3,29336.6,29350.0,29401.8,29356.6,29376.3,29402.1,29368.6,29370.0,29350.4,29379.6,29411.3,29379.5,29332.7,29311.4,29303.9,29320.7,29332.5,29302.0,29291.6,29319.1,29296.8,29261.4,29228.4,29246.1,29280.9,29368.8,29356.3,29359.1,29370.0,29367.7,29365.2,29385.4,29336.2,29385.0,29403.2,29378.6,29393.6,29345.5,29289.5,29274.6,29213.4,29162.5,29290.0,29292.1,29361.2,29378.7,29403.0,29463.9,29535.2,29427.0,29435.9,29401.2,29426.1,29415.4,29413.2,29426.4,29446.6,29431.8,29438.6,29411.2,29325.4,29304.3,29357.8,29383.2,29393.7,29404.1,29441.1,29561.6,29573.4,29469.5,29469.2,29483.2,29452.8],"policy":[[[0.3172,0.2328,0.2141,0.2359],[0.2479,0.2544,0.2256,0.2721],[0.192,0.2887,0.2154,0.3038],[0.1505,0.3071,0.2272,0.3152],[0.1198,0.3359,0.2559,0.2883],[0.0977,0.3526,0.2851,0.2646],[0.0798,0.3679,0.3122,0.2401],[0.0656,0.3899,0.3356,0.2088],[0.053,0.4099,0.359,0.1781],[0.0418,0.4023,0.3984,0.1574],[0.034,0.3743,0.4457,0.1461],[0.0274,0.3418,0.5002,0.1306],[0.0226,0.3043,0.5561,0.117],[0.0192,0.2601,0.6131,0.1076],[0.0174,0.2198,0.6613,0.1015],[0.0165,0.2002,0.6817,0.1017],[0.0154,0.1948,0.684,0.1058],[0.0142,0.1891,0.6884,0.1083],[0.0135,0.1768,0.7079,0.1018],[0.0126,0.154,0.7378,0.0956],[0.0114,0.1257,0.7723,0.0906],[0.0104,0.0967,0.8102,0.0827],[0.0095,0.0773,0.8395,0.0737],[0.0089,0.0694,0.8532,0.0685],[0.0091,0.07,0.8482,0.0727],[0.0098,0.0706,0.8367,0.0829],[0.0103,0.0711,0.8267,0.0919],[0.0107,0.0722,0.8169,0.1002],[0.0101,0.0666,0.8195,0.1038],[0.0093,0.0575,0.8217,0.1115],[0.0091,0.0503,0.81,0.1306],[0.0087,0.0426,0.801,0.1477],[0.0088,0.0407,0.7664,0.1841],[0.0093,0.0447,0.7099,0.2361],[0.0097,0.0512,0.6473,0.2918],[0.0097,0.0557,0.6109,0.3237],[0.0093,0.0583,0.6032,0.3292],[0.0093,0.063,0.6272,0.3005],[0.01,0.0736,0.6311,0.2853],[0.0109,0.0806,0.5945,0.314],[0.0113,0.0808,0.5736,0.3343],[0.0114,0.0846,0.5714,0.3325],[0.0119,0.0972,0.5169,0.374],[0.0116,0.1008,0.4641,0.4235],[0.0114,0.0989,0.484,0.4057],[0.0112,0.0988,0.5139,0.3761],[0.011,0.0986,0.5391,0.3513],[0.0102,0.0884,0.5819,0.3195],[0.0088,0.0714,0.6045,0.3153],[0.0074,0.0559,0.6528,0.2839],[0.0062,0.0402,0.7351,0.2184],[0.0051,0.0272,0.8061,0.1616],[0.0045,0.0193,0.833,0.1432],[0.0041,0.0156,0.8399,0.1404],[0.0038,0.0139,0.8423,0.14],[0.0035,0.0125,0.854,0.1301],[0.0033,0.0121,0.8579,0.1267],[0.003,0.0114,0.8593,0.1262],[0.0027,0.0099,0.8642,0.1232],[0.0024,0.0089,0.8691,0.1196],[0.002,0.0082,0.8739,0.1159],[0.0018,0.0079,0.8525,0.1377],[0.0018,0.0074,0.8203,0.1704],[0.0019,0.0065,0.8292,0.1624],[0.0018,0.0055,0.8691,0.1237],[0.0016,0.0048,0.8887,0.1049],[0.0015,0.0045,0.8973,0.0966],[0.0015,0.0049,0.8904,0.1032],[0.0017,0.0058,0.8558,0.1367],[0.0018,0.0061,0.8689,0.1232],[0.0016,0.0059,0.8986,0.0939],[0.0014,0.006,0.9151,0.0774],[0.0011,0.0061,0.9412,0.0516],[0.001,0.0062,0.9567,0.0362],[0.0008,0.0062,0.9688,0.0242],[0.0007,0.0057,0.9785,0.0151],[0.0005,0.0052,0.982,0.0123],[0.0004,0.0043,0.9863,0.009],[0.0003,0.0032,0.99,0.0064],[0.0003,0.0026,0.9918,0.0053],[0.0002,0.0023,0.9931,0.0044],[0.0002,0.0021,0.9942,0.0035],[0.0002,0.002,0.9944,0.0034],[0.0002,0.002,0.9945,0.0034],[0.0002,0.0018,0.9948,0.0032],[0.0001,0.0016,0.9951,0.0032],[0.0001,0.0014,0.9957,0.0027],[0.0001,0.0012,0.9965,0.0021],[0.0001,0.0011,0.9969,0.0019],[0.0001,0.0011,0.997,0.0018],[0.0001,0.001,0.9973,0.0016],[0.0001,0.0009,0.9975,0.0015],[0.0001,0.0009,0.9974,0.0016],[0.0001,0.0009,0.9973,0.0017],[0.0001,0.0009,0.9971,0.002],[0.0001,0.0008,0.9972,0.002],[0.0001,0.0008,0.996,0.0031],[0.0001,0.0009,0.9948,0.0042],[0.0,0.001,0.9937,0.0052],[0.0,0.0012,0.9938,0.0049],[0.0,0.0017,0.9941,0.0043],[0.0,0.0026,0.9924,0.005],[0.0,0.0038,0.9904,0.0057],[0.0,0.0044,0.9903,0.0053],[0.0,0.0058,0.9869,0.0072],[0.0,0.0058,0.9818,0.0123],[0.0,0.005,0.979,0.016],[0.0,0.0044,0.9762,0.0193],[0.0,0.0035,0.9816,0.0148],[0.0,0.0028,0.9847,0.0124],[0.0,0.0023,0.9829,0.0147],[0.0,0.0019,0.9802,0.0178],[0.0,0.0016,0.9786,0.0197],[0.0,0.0014,0.9785,0.02],[0.0,0.0014,0.9699,0.0286],[0.0,0.0013,0.9708,0.0279],[0.0,0.0013,0.9697,0.029],[0.0,0.0012,0.9653,0.0335],[0.0,0.001,0.9693,0.0297],[0.0,0.0008,0.9772,0.022],[0.0,0.0007,0.9864,0.0129],[0.0,0.0007,0.9873,0.012],[0.0,0.0008,0.9826,0.0166],[0.0,0.0008,0.978,0.0212],[0.0,0.0008,0.9766,0.0226],[0.0,0.0007,0.9814,0.0179],[0.0,0.0006,0.9881,0.0113],[0.0,0.0005,0.9913,0.0081],[0.0,0.0005,0.9931,0.0064],[0.0,0.0005,0.9927,0.0068],[0.0,0.0006,0.9925,0.0069],[0.0,0.0006,0.9924,0.007],[0.0,0.0007,0.9927,0.0066],[0.0,0.0008,0.9931,0.0061],[0.0,0.0008,0.9931,0.0061],[0.0,0.0008,0.9928,0.0064],[0.0,0.0007,0.9927,0.0065],[0.0,0.0007,0.9922,0.0071],[0.0,0.0008,0.9901,0.0091],[0.0,0.0009,0.9865,0.0126],[0.0,0.001,0.9871,0.0119],[0.0,0.001,0.9886,0.0103],[0.0,0.001,0.9904,0.0086],[0.0,0.0009,0.9944,0.0047],[0.0,0.0008,0.9961,0.0031],[0.0,0.0008,0.9967,0.0025],[0.0,0.0008,0.997,0.0022],[0.0,0.0009,0.9968,0.0023],[0.0,0.0009,0.9965,0.0026],[0.0,0.001,0.9963,0.0027],[0.0,0.001,0.9962,0.0027],[0.0,0.001,0.996,0.0029],[0.0,0.0011,0.9959,0.003],[0.0,0.0011,0.9958,0.0031],[0.0,0.0011,0.9959,0.003],[0.0,0.001,0.9963,0.0026],[0.0,0.001,0.9967,0.0023],[0.0,0.001,0.9969,0.0021],[0.0,0.001,0.9966,0.0024],[0.0,0.0012,0.9956,0.0032],[0.0,0.0014,0.9949,0.0036],[0.0,0.0016,0.9942,0.0041],[0.0,0.0018,0.9934,0.0047],[0.0,0.0018,0.9927,0.0054],[0.0,0.0018,0.9921,0.0061],[0.0,0.0018,0.9915,0.0067],[0.0,0.002,0.9863,0.0117],[0.0,0.0015,0.9854,0.0131],[0.0,0.0009,0.9901,0.0089],[0.0,0.0006,0.9933,0.0061],[0.0,0.0005,0.9929,0.0065],[0.0,0.0006,0.9874,0.0121],[0.0,0.0006,0.9803,0.0191],[0.0,0.0006,0.9728,0.0266],[0.0,0.0006,0.9677,0.0317],[0.0,0.0005,0.9699,0.0295],[0.0,0.0005,0.9739,0.0256],[0.0,0.0005,0.966,0.0335],[0.0,0.0005,0.953,0.0464],[0.0,0.0005,0.9447,0.0548],[0.0,0.0005,0.9345,0.065],[0.0,0.0005,0.9486,0.0509],[0.0,0.0005,0.9497,0.0497],[0.0,0.0005,0.9473,0.0521],[0.0,0.0005,0.9591,0.0404],[0.0,0.0005,0.9665,0.033],[0.0,0.0005,0.9666,0.0329],[0.0,0.0005,0.9672,0.0323],[0.0,0.0005,0.9639,0.0356],[0.0,0.0006,0.9599,0.0395],[0.0,0.0006,0.9466,0.0528],[0.0,0.0007,0.9286,0.0707],[0.0,0.0007,0.9176,0.0817],[0.0,0.0007,0.9112,0.0881],[0.0,0.0008,0.8952,0.104],[0.0,0.0008,0.8773,0.1218],[0.0,0.0008,0.8621,0.137],[0.0,0.0007,0.8779,0.1213],[0.0,0.0006,0.9025,0.0969],[0.0,0.0004,0.9336,0.0659]],[[0.3008,0.2427,0.2267,0.2299],[0.2317,0.2733,0.2425,0.2525],[0.1794,0.3051,0.2383,0.2773],[0.1431,0.3108,0.2546,0.2915],[0.1154,0.3272,0.2829,0.2746],[0.0955,0.3377,0.3081,0.2587],[0.0795,0.3444,0.3346,0.2415],[0.0662,0.3606,0.3572,0.216],[0.0544,0.3818,0.3753,0.1885],[0.0438,0.3783,0.4083,0.1696],[0.0363,0.3564,0.4483,0.1589],[0.0299,0.33,0.4962,0.1439],[0.0252,0.3013,0.5425,0.131],[0.022,0.2664,0.5884,0.1233],[0.0204,0.2356,0.6245,0.1195],[0.0197,0.2234,0.6347,0.1222],[0.0185,0.2234,0.6298,0.1283],[0.0173,0.2204,0.6298,0.1325],[0.0165,0.2099,0.6465,0.1271],[0.0155,0.1857,0.6765,0.1224],[0.0141,0.1549,0.7125,0.1185],[0.0129,0.1209,0.7557,0.1106],[0.0118,0.0973,0.7901,0.1008],[0.011,0.0864,0.8084,0.0942],[0.0112,0.0853,0.8044,0.0991],[0.0119,0.085,0.7908,0.1122],[0.0126,0.0857,0.7766,0.1252],[0.013,0.0868,0.7624,0.1378],[0.0125,0.0811,0.761,0.1454],[0.0117,0.0716,0.7574,0.1594],[0.0114,0.0636,0.7367,0.1883],[0.011,0.0543,0.7233,0.2114],[0.011,0.0513,0.684,0.2537],[0.0115,0.0547,0.6218,0.312],[0.0119,0.0605,0.5553,0.3724],[0.0119,0.0648,0.5162,0.407],[0.0115,0.0675,0.5066,0.4144],[0.0117,0.0736,0.5227,0.3919],[0.0128,0.0858,0.5156,0.3858],[0.0141,0.0929,0.4678,0.4252],[0.0149,0.0928,0.4376,0.4547],[0.0153,0.0971,0.4186,0.4689],[0.0159,0.1071,0.3526,0.5243],[0.0154,0.1077,0.2951,0.5818],[0.0154,0.1089,0.2951,0.5805],[0.0156,0.1148,0.3057,0.5639],[0.0159,0.1201,0.3106,0.5534],[0.0152,0.1153,0.33,0.5395],[0.0136,0.0987,0.3414,0.5463],[0.0119,0.0852,0.3722,0.5306],[0.0108,0.0705,0.4521,0.4665],[0.0095,0.0534,0.545,0.3922],[0.0085,0.0401,0.5861,0.3653],[0.0079,0.0333,0.59,0.3688],[0.0072,0.0298,0.5831,0.3799],[0.0066,0.0268,0.5964,0.3702],[0.0062,0.0257,0.6016,0.3665],[0.0056,0.0239,0.6051,0.3655],[0.0049,0.0207,0.6174,0.357],[0.0044,0.0186,0.6324,0.3447],[0.0037,0.017,0.6441,0.3352],[0.0032,0.0156,0.5959,0.3852],[0.0031,0.0139,0.526,0.4571],[0.0032,0.0125,0.5155,0.4688],[0.0032,0.0115,0.5643,0.421],[0.0031,0.0106,0.5841,0.4023],[0.0029,0.0102,0.5718,0.4151],[0.0029,0.0106,0.5146,0.4719],[0.0029,0.0108,0.4022,0.584],[0.0031,0.0112,0.3795,0.6062],[0.003,0.0118,0.4201,0.5651],[0.0027,0.0123,0.4549,0.53],[0.0024,0.0133,0.5566,0.4277],[0.0022,0.0137,0.6381,0.3461],[0.0019,0.0139,0.7146,0.2696],[0.0016,0.0133,0.7931,0.192],[0.0013,0.0121,0.8188,0.1678],[0.001,0.0102,0.8609,0.128],[0.0007,0.0077,0.8996,0.0919],[0.0006,0.0063,0.9151,0.078],[0.0005,0.0053,0.9309,0.0632],[0.0004,0.0048,0.9439,0.0509],[0.0004,0.0046,0.9443,0.0506],[0.0004,0.0044,0.9417,0.0535],[0.0003,0.004,0.945,0.0506],[0.0003,0.0037,0.947,0.049],[0.0003,0.0033,0.9561,0.0404],[0.0002,0.0026,0.9684,0.0288],[0.0002,0.0024,0.9721,0.0254],[0.0002,0.0023,0.9708,0.0268],[0.0002,0.0022,0.972,0.0257],[0.0002,0.0021,0.9715,0.0263],[0.0002,0.0022,0.9637,0.034],[0.0002,0.0023,0.9517,0.0458],[0.0002,0.0024,0.9356,0.0618],[0.0002,0.0022,0.9347,0.0629],[0.0002,0.0026,0.8789,0.1183],[0.0002,0.0028,0.8334,0.1637],[0.0002,0.0029,0.7886,0.2083],[0.0002,0.0032,0.8135,0.1831],[0.0001,0.0037,0.8671,0.1291],[0.0001,0.0052,0.851,0.1437],[0.0001,0.0069,0.8481,0.1449],[0.0001,0.0079,0.8652,0.1268],[0.0001,0.0099,0.8343,0.1557],[0.0002,0.0102,0.7542,0.2355],[0.0002,0.0093,0.7105,0.2801],[0.0002,0.0084,0.6512,0.3402],[0.0002,0.0072,0.676,0.3167],[0.0002,0.0061,0.6864,0.3073],[0.0002,0.0047,0.6197,0.3754],[0.0002,0.0035,0.5668,0.4294],[0.0002,0.0028,0.5484,0.4486],[0.0002,0.0024,0.5623,0.4352],[0.0002,0.0021,0.4726,0.5252],[0.0002,0.002,0.4581,0.5398],[0.0001,0.0019,0.4188,0.5792],[0.0001,0.0017,0.3653,0.6329],[0.0001,0.0015,0.3854,0.613],[0.0001,0.0015,0.444,0.5544],[0.0001,0.0015,0.5627,0.4357],[0.0,0.0015,0.5726,0.4259],[0.0,0.0014,0.4806,0.5179],[0.0001,0.0014,0.4111,0.5874],[0.0001,0.0014,0.3789,0.6197],[0.0001,0.0014,0.3935,0.6051],[0.0001,0.0014,0.4595,0.539],[0.0001,0.0015,0.5296,0.4689],[0.0001,0.0015,0.5657,0.4328],[0.0001,0.0016,0.478,0.5203],[0.0001,0.0017,0.397,0.6012],[0.0001,0.0019,0.3521,0.646],[0.0001,0.002,0.3355,0.6624],[0.0001,0.0023,0.3193,0.6783],[0.0001,0.0021,0.2834,0.7144],[0.0001,0.0019,0.2409,0.7571],[0.0001,0.0018,0.2262,0.7719],[0.0001,0.0016,0.2123,0.786],[0.0001,0.0014,0.1747,0.8238],[0.0001,0.0013,0.1247,0.8739],[0.0001,0.0014,0.119,0.8796],[0.0001,0.0015,0.1312,0.8673],[0.0001,0.0016,0.1527,0.8456],[0.0001,0.0019,0.24,0.758],[0.0001,0.0022,0.3235,0.6742],[0.0001,0.0023,0.3697,0.6279],[0.0001,0.0024,0.3785,0.619],[0.0001,0.0025,0.3315,0.6659],[0.0001,0.0025,0.2805,0.7169],[0.0001,0.0025,0.2452,0.7522],[0.0001,0.0025,0.2239,0.7735],[0.0001,0.0025,0.1986,0.7988],[0.0001,0.0024,0.1862,0.8112],[0.0001,0.0025,0.1893,0.8081],[0.0001,0.0025,0.2101,0.7872],[0.0001,0.0026,0.2483,0.749],[0.0001,0.0027,0.2907,0.7065],[0.0001,0.0027,0.3201,0.6771],[0.0001,0.0026,0.2595,0.7378],[0.0001,0.0024,0.1786,0.8189],[0.0001,0.0023,0.1463,0.8512],[0.0002,0.0023,0.1198,0.8777],[0.0002,0.0022,0.099,0.8986],[0.0002,0.002,0.082,0.9158],[0.0002,0.0018,0.0719,0.9262],[0.0002,0.0016,0.0651,0.9331],[0.0001,0.0012,0.0407,0.9579],[0.0001,0.001,0.0378,0.9612],[0.0001,0.0009,0.057,0.9419],[0.0001,0.001,0.0969,0.902],[0.0001,0.0009,0.1031,0.896],[0.0001,0.0007,0.0608,0.9385],[0.0001,0.0006,0.0417,0.9576],[0.0001,0.0005,0.0313,0.9681],[0.0001,0.0004,0.0266,0.9728],[0.0001,0.0004,0.0293,0.9702],[0.0001,0.0005,0.0359,0.9635],[0.0001,0.0004,0.0347,0.9648],[0.0001,0.0004,0.0363,0.9631],[0.0001,0.0004,0.0406,0.9589],[0.0001,0.0005,0.0499,0.9495],[0.0001,0.0005,0.0762,0.9232],[0.0001,0.0006,0.0832,0.9161],[0.0001,0.0006,0.0828,0.9165],[0.0001,0.0007,0.1017,0.8975],[0.0001,0.0008,0.1195,0.8796],[0.0001,0.0008,0.1194,0.8797],[0.0001,0.0008,0.1178,0.8813],[0.0001,0.0008,0.0971,0.902],[0.0001,0.0008,0.0812,0.9179],[0.0001,0.0007,0.062,0.9372],[0.0001,0.0007,0.0482,0.951],[0.0001,0.0007,0.0415,0.9577],[0.0001,0.0007,0.0379,0.9613],[0.0001,0.0007,0.0319,0.9673],[0.0001,0.0006,0.0271,0.9721],[0.0001,0.0006,0.0241,0.9752],[0.0001,0.0006,0.0287,0.9706],[0.0001,0.0005,0.0378,0.9615],[0.0001,0.0005,0.0474,0.952]],[[0.2728,0.2629,0.2389,0.2254],[0.2193,0.2874,0.2511,0.2422],[0.1776,0.3176,0.2456,0.2592],[0.147,0.3287,0.2579,0.2664],[0.123,0.3445,0.283,0.2495],[0.1056,0.3501,0.309,0.2353],[0.0909,0.3533,0.3354,0.2204],[0.0778,0.3672,0.3564,0.1985],[0.0655,0.3841,0.3748,0.1756],[0.054,0.3791,0.4068,0.1601],[0.0454,0.3588,0.4442,0.1516],[0.038,0.3352,0.4881,0.1388],[0.0325,0.3094,0.5304,0.1277],[0.0288,0.2759,0.5742,0.1212],[0.0269,0.2454,0.6095,0.1181],[0.0261,0.2312,0.6222,0.1205],[0.0246,0.229,0.6208,0.1256],[0.0231,0.2255,0.6223,0.1292],[0.0222,0.215,0.6387,0.1241],[0.0209,0.1926,0.6671,0.1195],[0.0191,0.1633,0.7021,0.1154],[0.0176,0.13,0.7446,0.1079],[0.0162,0.106,0.7794,0.0984],[0.0151,0.0949,0.7977,0.0923],[0.0154,0.0937,0.7946,0.0964],[0.0163,0.093,0.7831,0.1076],[0.017,0.0931,0.7713,0.1186],[0.0175,0.094,0.7598,0.1287],[0.0166,0.0876,0.7611,0.1346],[0.0155,0.0774,0.7605,0.1466],[0.0152,0.069,0.7437,0.1722],[0.0146,0.0594,0.7333,0.1927],[0.0146,0.0563,0.7003,0.2288],[0.0153,0.0603,0.6445,0.2799],[0.0158,0.067,0.5831,0.3341],[0.016,0.0724,0.5466,0.365],[0.0155,0.0757,0.538,0.3708],[0.0158,0.0826,0.553,0.3486],[0.0171,0.0963,0.549,0.3376],[0.0189,0.1043,0.5065,0.3703],[0.02,0.1041,0.4804,0.3955],[0.0205,0.1081,0.4649,0.4065],[0.0213,0.1182,0.4061,0.4543],[0.0207,0.119,0.3546,0.5057],[0.0207,0.1195,0.3592,0.5007],[0.0207,0.1245,0.3688,0.486],[0.021,0.1303,0.3699,0.4789],[0.02,0.1253,0.3866,0.4681],[0.0178,0.1085,0.397,0.4766],[0.0156,0.0939,0.4308,0.4596],[0.014,0.077,0.5149,0.394],[0.012,0.0576,0.6086,0.3219],[0.0105,0.0429,0.6515,0.2951],[0.0096,0.0352,0.6628,0.2924],[0.0087,0.0311,0.6647,0.2955],[0.0078,0.0278,0.6809,0.2836],[0.0073,0.0265,0.6901,0.2761],[0.0065,0.0245,0.7,0.269],[0.0057,0.021,0.7178,0.2555],[0.005,0.0188,0.7346,0.2417],[0.0042,0.0172,0.7473,0.2313],[0.0038,0.0161,0.7174,0.2628],[0.0037,0.0147,0.6703,0.3113],[0.0038,0.0133,0.6726,0.3103],[0.0037,0.0118,0.724,0.2605],[0.0034,0.0107,0.7474,0.2385],[0.0033,0.0103,0.7504,0.2361],[0.0032,0.0109,0.7228,0.263],[0.0035,0.0121,0.6468,0.3376],[0.0037,0.0129,0.6446,0.3387],[0.0035,0.0131,0.6904,0.293],[0.003,0.0135,0.7209,0.2625],[0.0025,0.0136,0.7927,0.1911],[0.0022,0.0134,0.8434,0.1411],[0.0019,0.013,0.8841,0.101],[0.0015,0.012,0.9197,0.0668],[0.0012,0.0108,0.9327,0.0553],[0.0009,0.0088,0.9504,0.0399],[0.0007,0.0065,0.9652,0.0276],[0.0005,0.0052,0.9717,0.0226],[0.0004,0.0044,0.9774,0.0177],[0.0004,0.0039,0.9818,0.0139],[0.0004,0.0038,0.9826,0.0133],[0.0003,0.0036,0.9825,0.0136],[0.0003,0.0033,0.9837,0.0127],[0.0003,0.003,0.9846,0.0122],[0.0002,0.0026,0.987,0.0102],[0.0002,0.0022,0.99,0.0076],[0.0002,0.002,0.9911,0.0067],[0.0002,0.0019,0.9912,0.0067],[0.0001,0.0018,0.9919,0.0062],[0.0001,0.0017,0.9922,0.0059],[0.0001,0.0017,0.9913,0.0068],[0.0002,0.0017,0.99,0.0081],[0.0002,0.0018,0.9882,0.0098],[0.0001,0.0016,0.9892,0.0091],[0.0001,0.0017,0.984,0.0142],[0.0001,0.0017,0.9808,0.0173],[0.0001,0.0018,0.9783,0.0198],[0.0001,0.002,0.9811,0.0168],[0.0001,0.0025,0.9847,0.0128],[0.0001,0.0037,0.9817,0.0145],[0.0001,0.0052,0.9794,0.0152],[0.0001,0.006,0.9808,0.0132],[0.0001,0.0078,0.9753,0.0168],[0.0001,0.0081,0.9649,0.027],[0.0001,0.0073,0.9586,0.034],[0.0001,0.0065,0.9518,0.0416],[0.0001,0.0053,0.9605,0.0342],[0.0001,0.0043,0.9649,0.0308],[0.0001,0.0035,0.9592,0.0373],[0.0001,0.0028,0.9545,0.0426],[0.0001,0.0023,0.9541,0.0435],[0.0001,0.0019,0.9571,0.0409],[0.0001,0.0018,0.9451,0.053],[0.0001,0.0017,0.9491,0.0491],[0.0001,0.0017,0.9477,0.0505],[0.0,0.0016,0.9417,0.0567],[0.0,0.0013,0.9502,0.0485],[0.0,0.0011,0.9639,0.0351],[0.0,0.0009,0.9787,0.0204],[0.0,0.0009,0.9807,0.0184],[0.0,0.0009,0.9758,0.0232],[0.0,0.001,0.9718,0.0272],[0.0,0.0009,0.9717,0.0273],[0.0,0.0008,0.9779,0.0212],[0.0,0.0007,0.9855,0.0137],[0.0,0.0006,0.9895,0.0099],[0.0,0.0006,0.9916,0.0078],[0.0,0.0006,0.9912,0.0082],[0.0,0.0007,0.9908,0.0085],[0.0,0.0008,0.9908,0.0085],[0.0,0.0008,0.9913,0.0079],[0.0,0.0009,0.9919,0.0072],[0.0,0.0009,0.9925,0.0066],[0.0,0.0008,0.9927,0.0064],[0.0,0.0008,0.9934,0.0058],[0.0,0.0007,0.9937,0.0055],[0.0,0.0008,0.9931,0.0061],[0.0,0.0009,0.9917,0.0074],[0.0,0.0009,0.9922,0.0068],[0.0,0.0009,0.9932,0.0059],[0.0,0.001,0.9942,0.0049],[0.0,0.0009,0.9962,0.0029],[0.0,0.0008,0.9971,0.0021],[0.0,0.0008,0.9975,0.0017],[0.0,0.0008,0.9977,0.0015],[0.0,0.0008,0.9976,0.0015],[0.0,0.0009,0.9975,0.0016],[0.0,0.0009,0.9974,0.0017],[0.0,0.001,0.9973,0.0017],[0.0,0.001,0.9972,0.0017],[0.0,0.001,0.9972,0.0018],[0.0,0.001,0.9971,0.0018],[0.0,0.001,0.9972,0.0017],[0.0,0.001,0.9975,0.0015],[0.0,0.001,0.9977,0.0013],[0.0,0.0009,0.9979,0.0012],[0.0,0.001,0.9977,0.0013],[0.0,0.0011,0.9973,0.0015],[0.0,0.0013,0.997,0.0017],[0.0,0.0015,0.9967,0.0018],[0.0,0.0016,0.9964,0.002],[0.0,0.0016,0.9962,0.0022],[0.0,0.0016,0.996,0.0024],[0.0,0.0015,0.9959,0.0026],[0.0,0.0016,0.9945,0.0039],[0.0,0.0012,0.9946,0.0042],[0.0,0.0008,0.9961,0.0031],[0.0,0.0006,0.9972,0.0022],[0.0,0.0005,0.9972,0.0023],[0.0,0.0005,0.9958,0.0037],[0.0,0.0005,0.9943,0.0052],[0.0,0.0005,0.9929,0.0066],[0.0,0.0004,0.992,0.0076],[0.0,0.0004,0.9924,0.0072],[0.0,0.0004,0.9932,0.0064],[0.0,0.0004,0.9919,0.0076],[0.0,0.0004,0.9897,0.0099],[0.0,0.0004,0.988,0.0116],[0.0,0.0004,0.9866,0.013],[0.0,0.0004,0.9889,0.0107],[0.0,0.0004,0.9893,0.0103],[0.0,0.0004,0.9893,0.0102],[0.0,0.0004,0.9914,0.0081],[0.0,0.0004,0.9928,0.0068],[0.0,0.0004,0.9929,0.0066],[0.0,0.0004,0.9931,0.0064],[0.0,0.0004,0.9931,0.0065],[0.0,0.0004,0.9931,0.0064],[0.0,0.0005,0.9921,0.0074],[0.0,0.0005,0.9908,0.0087],[0.0,0.0005,0.9903,0.0092],[0.0,0.0005,0.9901,0.0094],[0.0,0.0005,0.9892,0.0103],[0.0,0.0005,0.9883,0.0111],[0.0,0.0005,0.9876,0.0119],[0.0,0.0004,0.9887,0.0108],[0.0,0.0004,0.9903,0.0093],[0.0,0.0003,0.9926,0.0071]],[[0.2516,0.2783,0.2559,0.2143],[0.198,0.3124,0.2722,0.2174],[0.1598,0.3384,0.2739,0.2279],[0.1349,0.3351,0.2921,0.2378],[0.1145,0.3381,0.3172,0.2303],[0.0998,0.3378,0.339,0.2233],[0.0874,0.3321,0.3653,0.2152],[0.0756,0.3402,0.3851,0.199],[0.0646,0.3582,0.3973,0.1799],[0.0543,0.3566,0.4222,0.1669],[0.0466,0.3415,0.4524,0.1595],[0.0399,0.323,0.4893,0.1478],[0.0348,0.3056,0.5214,0.1382],[0.0316,0.2816,0.5527,0.1341],[0.0304,0.2619,0.5734,0.1343],[0.0301,0.2571,0.5731,0.1398],[0.0286,0.2618,0.5627,0.1468],[0.027,0.2622,0.5583,0.1525],[0.0262,0.2545,0.5698,0.1496],[0.0247,0.2315,0.5962,0.1476],[0.0227,0.2006,0.6308,0.1459],[0.0209,0.162,0.6773,0.1398],[0.0193,0.1331,0.717,0.1307],[0.018,0.1177,0.7408,0.1235],[0.0181,0.1136,0.7406,0.1277],[0.019,0.111,0.7283,0.1417],[0.0199,0.111,0.712,0.1571],[0.0204,0.1117,0.6956,0.1723],[0.0196,0.1055,0.6911,0.1838],[0.0186,0.0953,0.6818,0.2043],[0.0183,0.086,0.654,0.2416],[0.0177,0.0747,0.6393,0.2683],[0.0176,0.07,0.6059,0.3066],[0.0181,0.0728,0.5494,0.3597],[0.0186,0.0783,0.4882,0.4149],[0.0189,0.0833,0.4509,0.447],[0.0185,0.0867,0.4404,0.4544],[0.0191,0.0949,0.4453,0.4407],[0.0209,0.1096,0.4292,0.4402],[0.0232,0.117,0.3788,0.481],[0.0251,0.1159,0.3456,0.5134],[0.0261,0.1187,0.3151,0.5401],[0.027,0.1235,0.2544,0.5951],[0.0262,0.1205,0.2068,0.6465],[0.0263,0.123,0.1962,0.6544],[0.0268,0.1326,0.1909,0.6497],[0.0276,0.1419,0.1787,0.6518],[0.0268,0.1413,0.1752,0.6567],[0.0245,0.1287,0.1742,0.6727],[0.0222,0.1202,0.181,0.6766],[0.0211,0.1115,0.2194,0.648],[0.0195,0.0945,0.2759,0.61],[0.018,0.0766,0.3052,0.6002],[0.0166,0.0655,0.3056,0.6122],[0.0148,0.0574,0.2964,0.6314],[0.0132,0.0513,0.3008,0.6347],[0.0122,0.0484,0.3061,0.6333],[0.0109,0.0446,0.3156,0.6289],[0.0097,0.0394,0.3348,0.6161],[0.0086,0.0361,0.3576,0.5976],[0.0074,0.0333,0.3732,0.5861],[0.0064,0.0293,0.3368,0.6275],[0.0058,0.0249,0.2845,0.6848],[0.0058,0.0225,0.2653,0.7065],[0.006,0.0213,0.2843,0.6884],[0.0056,0.0197,0.2844,0.6903],[0.0052,0.0183,0.2604,0.7161],[0.0048,0.0173,0.2133,0.7646],[0.0044,0.0154,0.1522,0.828],[0.0042,0.0146,0.129,0.8521],[0.004,0.0148,0.1354,0.8457],[0.0036,0.0151,0.1434,0.8379],[0.0035,0.0166,0.186,0.7939],[0.0033,0.0174,0.2296,0.7497],[0.0032,0.0181,0.2753,0.7033],[0.0031,0.0192,0.3371,0.6406],[0.0026,0.0182,0.3642,0.615],[0.0023,0.0171,0.4312,0.5494],[0.0019,0.0151,0.5187,0.4643],[0.0016,0.013,0.5629,0.4225],[0.0013,0.0115,0.6234,0.3637],[0.0012,0.0107,0.6758,0.3124],[0.0011,0.0102,0.6761,0.3126],[0.0011,0.0097,0.6574,0.3318],[0.001,0.009,0.6656,0.3244],[0.0009,0.0084,0.6752,0.3155],[0.0008,0.0078,0.7171,0.2742],[0.0006,0.0066,0.7765,0.2163],[0.0006,0.0062,0.7878,0.2054],[0.0006,0.006,0.7677,0.2257],[0.0006,0.0058,0.7598,0.2339],[0.0006,0.0056,0.7362,0.2576],[0.0007,0.0056,0.6619,0.3318],[0.0008,0.0056,0.5672,0.4265],[0.0008,0.0053,0.4801,0.5138],[0.0007,0.0049,0.5009,0.4935],[0.0007,0.0045,0.3871,0.6077],[0.0005,0.0041,0.36,0.6354],[0.0004,0.0039,0.3339,0.6618],[0.0004,0.0043,0.397,0.5983],[0.0003,0.0053,0.5243,0.4701],[0.0003,0.0068,0.512,0.4809],[0.0003,0.0087,0.5451,0.4459],[0.0003,0.0102,0.5945,0.395],[0.0003,0.012,0.5759,0.4117],[0.0003,0.0118,0.4878,0.5001],[0.0003,0.0108,0.4471,0.5418],[0.0003,0.0095,0.3827,0.6075],[0.0003,0.0081,0.3808,0.6107],[0.0003,0.0068,0.3674,0.6254],[0.0003,0.0049,0.3035,0.6913],[0.0003,0.0036,0.2807,0.7154],[0.0003,0.0028,0.2897,0.7072],[0.0003,0.0025,0.3245,0.6728],[0.0002,0.0021,0.2829,0.7147],[0.0002,0.002,0.2851,0.7127],[0.0002,0.0019,0.2594,0.7385],[0.0001,0.0016,0.2273,0.771],[0.0001,0.0015,0.2486,0.7498],[0.0001,0.0015,0.2971,0.7013],[0.0001,0.0016,0.397,0.6013],[0.0001,0.0016,0.4184,0.5799],[0.0001,0.0015,0.3659,0.6325],[0.0001,0.0014,0.3302,0.6683],[0.0001,0.0014,0.3166,0.682],[0.0001,0.0014,0.3316,0.667],[0.0001,0.0015,0.3793,0.6192],[0.0001,0.0015,0.439,0.5593],[0.0001,0.0016,0.4725,0.5259],[0.0001,0.0016,0.3894,0.6089],[0.0001,0.0017,0.3096,0.6886],[0.0001,0.0018,0.2728,0.7253],[0.0001,0.002,0.2642,0.7337],[0.0001,0.0022,0.2546,0.7431],[0.0001,0.0021,0.2457,0.7521],[0.0001,0.0019,0.2304,0.7675],[0.0001,0.0018,0.2473,0.7508],[0.0001,0.0017,0.2706,0.7276],[0.0001,0.0016,0.2593,0.739],[0.0001,0.0016,0.2142,0.7841],[0.0001,0.0016,0.2121,0.7861],[0.0001,0.0018,0.2389,0.7593],[0.0001,0.0019,0.2796,0.7184],[0.0001,0.0022,0.3936,0.6042],[0.0001,0.0023,0.4848,0.5128],[0.0001,0.0024,0.5321,0.4654],[0.0001,0.0025,0.5477,0.4497],[0.0001,0.0026,0.5089,0.4883],[0.0001,0.0027,0.4602,0.537],[0.0001,0.0028,0.4231,0.574],[0.0001,0.0029,0.3968,0.6002],[0.0001,0.0029,0.3637,0.6333],[0.0001,0.0029,0.3479,0.6491],[0.0001,0.0029,0.3566,0.6404],[0.0001,0.003,0.3969,0.6],[0.0001,0.003,0.4654,0.5315],[0.0001,0.0029,0.5346,0.4624],[0.0001,0.0029,0.5798,0.4172],[0.0001,0.0029,0.5194,0.4776],[0.0001,0.003,0.4201,0.5769],[0.0001,0.0031,0.3757,0.621],[0.0001,0.0032,0.333,0.6636],[0.0001,0.0032,0.2934,0.7033],[0.0001,0.0031,0.2547,0.7421],[0.0001,0.0028,0.2299,0.7671],[0.0001,0.0026,0.2136,0.7837],[0.0001,0.0021,0.1494,0.8484],[0.0001,0.0016,0.1408,0.8575],[0.0001,0.0015,0.2058,0.7926],[0.0001,0.0014,0.3259,0.6726],[0.0001,0.0013,0.3498,0.6488],[0.0001,0.0011,0.2392,0.7596],[0.0001,0.0009,0.1776,0.8214],[0.0001,0.0008,0.139,0.8601],[0.0001,0.0007,0.12,0.8792],[0.0001,0.0007,0.1322,0.8669],[0.0001,0.0008,0.1604,0.8388],[0.0001,0.0007,0.1649,0.8343],[0.0001,0.0007,0.1765,0.8227],[0.0001,0.0007,0.1945,0.8047],[0.0001,0.0008,0.2451,0.7541],[0.0001,0.0009,0.3495,0.6496],[0.0001,0.0009,0.3814,0.6176],[0.0001,0.001,0.3963,0.6026],[0.0001,0.0011,0.4673,0.5316],[0.0001,0.0011,0.5238,0.475],[0.0001,0.0011,0.5313,0.4675],[0.0001,0.0012,0.5334,0.4653],[0.0001,0.0012,0.5008,0.4979],[0.0001,0.0013,0.4796,0.519],[0.0001,0.0013,0.4323,0.5663],[0.0001,0.0013,0.3854,0.6132],[0.0001,0.0013,0.3617,0.6369],[0.0001,0.0013,0.3495,0.6491],[0.0001,0.0013,0.3158,0.6827],[0.0001,0.0013,0.2866,0.712],[0.0001,0.0013,0.2661,0.7325],[0.0001,0.0012,0.3074,0.6914],[0.0001,0.001,0.3749,0.624],[0.0001,0.001,0.4265,0.5724]]]},"demo2":{"K1":{"mean":[19602.8,19883.0,20085.6,20298.0,20663.2,21061.1,21500.7,21819.7,22094.1,22384.1,22646.4,22945.7,23263.9,23488.6,23687.5,23886.8,24121.1,24292.7,24463.2,24629.1,24777.5,24978.0,25187.0,25307.9,25458.2,25644.8,25752.9,25863.9,26026.6,26160.0,26269.8,26363.0,26458.9,26537.3,26624.8,26654.6,26705.2,26813.8,26956.8,26988.6,27058.0,27091.1,27167.0,27235.2,27292.7,27278.0,27333.8,27377.7,27423.8,27493.4,27526.4,27556.8,27655.2,27689.8,27737.5,27850.2,27861.2,27909.6,27951.1,27955.4,27982.1,28019.6,28008.6,27974.8,27918.8,27935.2,27882.5,27885.0,27852.9,27850.5,27902.5,27934.1,27971.4,28115.9,28106.8,28090.5,28125.4,28127.9,28117.9,28084.5,28013.9,28039.1,28057.9,28026.3,27966.1,28051.6,28096.4,28112.0,28135.5,28165.3,28270.9,28349.3,28334.3,28307.3,28361.1,28349.3,28362.3,28341.8,28384.3,28359.3,28380.7,28294.6,28338.7,28393.2,28400.0,28403.2,28466.4,28524.8,28626.1,28652.9,28632.5,28635.5,28671.2,28677.8,28650.9,28629.6,28609.5,28579.1,28591.3,28608.0,28648.2,28587.5,28570.4,28552.0,28605.4,28559.6,28562.0,28503.0,28536.6,28547.1,28548.6,28522.9,28539.8,28542.5,28535.7,28557.5,28609.1,28631.4,28634.1,28625.2,28585.2,28568.2,28553.4,28505.5,28447.7,28490.2,28528.2,28541.6,28565.2,28554.6,28598.0,28690.9,28602.1,28602.3,28578.2,28594.1,28600.9,28583.6,28569.3,28659.6,28644.5,28668.9,28658.9,28703.0,28737.3,28704.1,28709.1,28696.1,28751.4,28826.2,28860.9,28851.2,28940.0,28998.7,29062.7,29037.3,29022.9,29048.9,29072.1,29093.2,29107.7,29138.0,29190.2,29173.0,29157.3,29212.1,29177.5,29094.1,29022.7,29045.2,29064.1,29037.9,29007.5,29039.3,29097.9,29122.7,29053.6,29057.9,29077.8,29049.1],"lo":[18485.9,18803.1,19043.5,19267.1,19700.2,20162.3,20704.4,21072.5,21397.5,21707.4,21989.0,22248.3,22536.3,22768.1,22926.6,23069.4,23291.8,23450.9,23597.6,23771.2,23917.1,24085.1,24362.8,24511.4,24678.7,24895.5,24983.3,25142.2,25362.3,25467.0,25554.3,25682.6,25777.3,25853.1,25920.8,25950.2,26019.4,26137.9,26250.0,26284.4,26364.4,26405.7,26534.7,26577.5,26654.6,26642.9,26743.3,26829.0,26863.0,26948.3,27063.2,27082.4,27223.6,27272.7,27335.6,27426.7,27422.2,27448.6,27501.3,27510.1,27515.3,27532.5,27604.1,27526.4,27446.7,27504.7,27426.0,27453.1,27417.6,27400.5,27498.4,27548.0,27573.6,27735.7,27712.5,27671.6,27698.9,27661.9,27651.6,27591.0,27567.9,27581.5,27630.0,27607.6,27546.5,27582.7,27611.1,27543.1,27573.3,27616.5,27731.6,27816.2,27811.9,27836.6,27910.5,27931.3,27908.7,27892.5,27940.0,27958.1,27975.6,27926.2,27935.4,27998.1,27990.6,28017.5,28077.9,28084.7,28188.8,28193.8,28155.0,28163.5,28212.3,28196.4,28236.1,28202.2,28203.1,28203.6,28153.1,28150.9,28207.8,28137.1,28076.7,28054.9,28061.0,28063.1,28104.4,28032.0,28048.4,28119.8,28122.9,28152.9,28202.7,28149.7,28159.9,28145.5,28181.2,28198.1,28210.9,28177.0,28167.7,28123.3,28143.4,28080.1,28026.2,28034.2,28073.0,28063.2,28120.5,28129.3,28185.8,28278.4,28199.2,28165.2,28131.1,28117.0,28126.0,28113.6,28120.7,28203.9,28206.0,28247.1,28255.3,28252.8,28281.3,28244.3,28277.1,28266.2,28299.1,28374.1,28475.1,28496.2,28554.9,28600.7,28663.7,28658.3,28653.4,28639.4,28646.3,28699.9,28739.2,28782.9,28834.5,28817.0,28811.5,28871.9,28802.6,28684.0,28596.1,28633.5,28643.5,28639.5,28610.9,28683.0,28770.9,28791.1,28745.4,28765.5,28761.5,28717.8],"hi":[20719.7,20962.9,21127.8,21329.0,21626.3,21959.9,22297.1,22566.8,22790.8,23060.9,23303.9,23643.2,23991.6,24209.1,24448.4,24704.2,24950.3,25134.5,25328.8,25487.0,25637.9,25871.0,26011.1,26104.3,26237.8,26394.1,26522.4,26585.7,26690.9,26853.0,26985.4,27043.5,27140.6,27221.6,27328.8,27359.0,27390.9,27489.6,27663.6,27692.7,27751.7,27776.5,27799.3,27892.9,27930.8,27913.1,27924.2,27926.4,27984.5,28038.5,27989.7,28031.1,28086.7,28106.9,28139.4,28273.6,28300.3,28370.7,28400.8,28400.6,28449.0,28506.7,28413.1,28423.3,28390.8,28365.6,28339.0,28316.9,28288.2,28300.6,28306.6,28320.2,28369.3,28496.1,28501.1,28509.5,28551.8,28593.8,28584.1,28577.9,28459.9,28496.7,28485.7,28444.9,28385.6,28520.5,28581.8,28680.8,28697.8,28714.2,28810.2,28882.4,28856.6,28778.1,28811.7,28767.2,28815.9,28791.1,28828.6,28760.5,28785.8,28663.1,28742.1,28788.3,28809.4,28788.9,28855.0,28964.9,29063.3,29111.9,29110.0,29107.6,29130.2,29159.3,29065.7,29057.1,29015.9,28954.6,29029.4,29065.2,29088.6,29037.9,29064.0,29049.0,29149.8,29056.2,29019.5,28974.0,29024.8,28974.5,28974.2,28892.9,28876.9,28935.3,28911.5,28969.5,29037.0,29064.7,29057.3,29073.4,29002.7,29013.1,28963.4,28931.0,28869.2,28946.1,28983.5,29020.0,29009.9,28980.0,29010.2,29103.4,29005.0,29039.5,29025.4,29071.2,29075.8,29053.5,29017.9,29115.3,29082.9,29090.8,29062.6,29153.3,29193.3,29163.9,29141.1,29125.9,29203.8,29278.4,29246.6,29206.3,29325.1,29396.8,29461.7,29416.3,29392.3,29458.5,29498.0,29486.5,29476.1,29493.2,29545.8,29529.1,29503.1,29552.4,29552.4,29504.2,29449.3,29456.9,29484.8,29436.3,29404.1,29395.6,29424.8,29454.3,29361.8,29350.3,29394.0,29380.3]},"K3":{"mean":[20849.7,21304.8,21712.1,22064.3,22843.6,23509.7,24007.2,24507.9,24942.1,25354.5,25752.3,26063.0,26359.6,26660.4,26889.3,27078.0,27231.4,27327.2,27575.0,27709.1,27823.4,27976.4,28047.7,28137.9,28219.8,28259.6,28313.4,28403.2,28459.6,28539.3,28563.0,28636.4,28646.1,28650.9,28635.4,28640.9,28708.8,28731.1,28713.0,28710.2,28739.5,28800.9,28735.2,28712.0,28690.2,28692.1,28670.9,28670.9,28573.8,28612.3,28597.7,28665.5,28653.9,28677.3,28674.3,28743.9,28756.8,28807.1,28774.6,28823.7,28846.2,28874.8,28901.8,28874.6,28842.9,28813.9,28809.8,28827.1,28818.0,28829.6,28881.1,28930.9,29004.5,29052.0,29013.6,29073.2,29092.1,29137.7,29128.0,29118.6,29130.4,29193.0,29187.7,29189.8,29145.4,29190.9,29213.2,29180.5,29153.4,29194.8,29202.5,29252.7,29218.0,29214.7,29257.9,29222.0,29164.5,29198.9,29195.7,29199.3,29144.1,29104.6,29133.6,29171.4,29170.2,29154.8,29190.5,29247.1,29344.3,29385.2,29410.2,29402.0,29432.8,29376.8,29354.3,29277.5,29268.4,29246.6,29250.0,29269.8,29255.7,29317.3,29264.1,29291.4,29274.1,29263.9,29282.3,29336.6,29350.0,29401.8,29356.6,29376.3,29402.1,29368.6,29370.0,29350.4,29379.6,29411.3,29379.5,29332.7,29311.4,29303.9,29320.7,29332.5,29302.0,29291.6,29319.1,29296.8,29261.4,29228.4,29246.1,29280.9,29368.8,29356.3,29359.1,29370.0,29367.7,29365.2,29385.4,29336.2,29385.0,29403.2,29378.6,29393.6,29345.5,29289.5,29274.6,29213.4,29162.5,29290.0,29292.1,29361.2,29378.7,29403.0,29463.9,29535.2,29427.0,29435.9,29401.2,29426.1,29415.4,29413.2,29426.4,29446.6,29431.8,29438.6,29411.2,29325.4,29304.3,29357.8,29383.2,29393.7,29404.1,29441.1,29561.6,29573.4,29469.5,29469.2,29483.2,29452.8],"lo":[19879.3,20339.5,20698.4,21056.1,21834.1,22432.5,22950.0,23415.5,23865.3,24343.6,24785.1,25165.9,25519.4,25891.1,26190.1,26387.9,26572.4,26699.8,26905.9,27084.1,27160.7,27375.4,27523.6,27562.9,27666.7,27741.5,27818.6,27956.1,28021.9,28095.9,28227.8,28260.2,28313.1,28323.2,28283.3,28248.9,28299.6,28278.1,28290.0,28245.3,28269.0,28372.9,28281.1,28248.9,28187.8,28193.6,28148.1,28159.8,27993.9,28110.0,28108.8,28233.9,28176.9,28228.6,28192.3,28277.1,28237.3,28243.3,28186.2,28255.7,28296.2,28381.8,28418.8,28415.0,28414.2,28401.5,28405.3,28424.3,28399.9,28439.2,28510.7,28582.5,28694.1,28741.0,28704.8,28754.2,28785.0,28781.8,28762.4,28758.7,28818.1,28874.5,28885.1,28835.4,28820.5,28866.2,28862.6,28790.7,28789.0,28838.6,28859.0,28916.6,28888.3,28901.7,28966.1,28937.9,28880.6,28936.9,28916.1,28934.8,28873.5,28804.1,28769.0,28786.5,28799.3,28809.0,28828.1,28858.6,28972.0,29022.9,29028.7,29001.9,29043.5,28983.4,28992.1,28880.0,28914.6,28886.1,28913.6,28917.5,28918.5,28980.0,28938.3,28943.6,28960.5,28923.8,28940.4,28927.6,28938.4,29007.7,28950.8,28979.3,29000.9,28924.0,29014.9,28976.4,29002.3,29065.5,29012.0,28993.7,29011.3,28988.9,29004.8,29022.4,28974.2,28973.9,28937.4,28897.0,28841.1,28810.9,28780.5,28814.9,28845.4,28897.3,28916.8,28951.7,28964.3,28979.7,28962.0,28938.3,28952.5,28984.5,28935.3,28920.2,28874.8,28883.5,28872.9,28826.4,28737.1,28862.5,28885.5,28954.6,28965.3,29023.2,29061.4,29188.9,29091.8,29114.7,29096.1,29090.8,29079.9,29093.2,29057.8,29086.0,29042.8,29026.0,29010.1,28890.6,28837.2,28888.8,28898.3,28916.5,28970.0,29034.8,29179.4,29249.9,29164.7,29171.1,29190.0,29169.0],"hi":[21820.1,22270.0,22725.7,23072.5,23853.0,24586.9,25064.3,25600.2,26019.0,26365.3,26719.5,26960.2,27199.9,27429.7,27588.5,27768.2,27890.5,27954.5,28244.1,28334.2,28486.1,28577.5,28571.8,28712.9,28773.0,28777.8,28808.2,28850.4,28897.3,28982.6,28898.2,29012.7,28979.0,28978.6,28987.4,29032.9,29117.9,29184.0,29136.1,29175.0,29210.0,29228.9,29189.2,29175.0,29192.5,29190.7,29193.7,29182.0,29153.6,29114.7,29086.6,29097.1,29131.0,29126.0,29156.3,29210.8,29276.2,29371.0,29363.1,29391.8,29396.3,29367.9,29384.8,29334.3,29271.6,29226.4,29214.3,29230.0,29236.2,29220.1,29251.5,29279.2,29314.8,29363.0,29322.3,29392.2,29399.3,29493.6,29493.6,29478.4,29442.6,29511.5,29490.3,29544.3,29470.2,29515.6,29563.8,29570.3,29517.8,29551.1,29546.0,29588.7,29547.8,29527.6,29549.6,29506.1,29448.4,29461.0,29475.4,29463.8,29414.7,29405.1,29498.1,29556.4,29541.1,29500.6,29553.0,29635.7,29716.6,29747.5,29791.6,29802.0,29822.2,29770.1,29716.5,29675.0,29622.2,29607.1,29586.4,29622.1,29593.0,29654.7,29589.9,29639.2,29587.7,29604.0,29624.3,29745.6,29761.6,29795.9,29762.4,29773.2,29803.4,29813.1,29725.1,29724.3,29757.0,29757.0,29746.9,29671.7,29611.6,29619.0,29636.6,29642.6,29629.8,29609.3,29700.8,29696.6,29681.7,29645.9,29711.7,29746.9,29892.1,29815.2,29801.4,29788.3,29771.1,29750.7,29808.7,29734.2,29817.5,29821.9,29821.9,29866.9,29816.3,29695.4,29676.4,29600.4,29587.9,29717.5,29698.8,29767.9,29792.2,29782.8,29866.4,29881.5,29762.2,29757.1,29706.4,29761.4,29750.8,29733.3,29795.1,29807.3,29820.7,29851.2,29812.4,29760.1,29771.3,29826.9,29868.1,29871.0,29838.2,29847.3,29943.8,29896.9,29774.2,29767.2,29776.5,29736.7]},"K10":{"mean":[20793.7,21422.0,21975.8,22473.2,23463.2,24350.0,25063.2,25632.9,26089.6,26462.2,26777.0,27037.9,27289.7,27528.6,27751.4,27919.3,28073.2,28148.9,28305.0,28395.5,28497.3,28551.2,28601.2,28706.2,28813.0,28876.1,29002.1,29067.3,29198.0,29285.0,29255.5,29306.6,29315.0,29270.0,29339.8,29295.4,29306.8,29383.7,29375.7,29380.0,29385.4,29352.9,29324.6,29319.6,29316.6,29333.4,29286.4,29312.9,29285.9,29352.3,29406.3,29458.6,29449.6,29508.2,29494.3,29555.9,29560.5,29579.1,29516.2,29535.0,29518.4,29520.5,29500.7,29439.6,29373.2,29365.9,29363.2,29346.1,29347.9,29377.0,29455.2,29469.3,29520.7,29560.9,29628.9,29649.6,29699.5,29651.8,29666.8,29664.6,29650.9,29641.4,29617.1,29535.0,29597.0,29660.9,29680.0,29693.7,29675.0,29741.8,29762.1,29768.6,29757.9,29742.3,29736.1,29705.2,29683.6,29694.1,29700.4,29672.7,29627.5,29609.5,29627.5,29670.5,29699.5,29709.3,29765.2,29814.8,29874.1,29891.4,29882.0,29853.2,29810.7,29737.1,29718.2,29654.8,29608.7,29590.0,29623.0,29673.6,29673.0,29650.0,29642.1,29666.1,29706.8,29650.5,29609.3,29609.6,29660.2,29682.7,29708.9,29672.0,29687.1,29737.1,29745.2,29757.5,29784.8,29829.5,29810.4,29803.4,29733.9,29769.6,29726.4,29718.4,29638.4,29613.6,29679.8,29717.5,29692.0,29733.9,29716.1,29821.4,29841.8,29788.0,29780.0,29752.0,29707.9,29715.0,29695.9,29753.2,29757.0,29748.6,29755.4,29790.2,29780.4,29725.9,29665.7,29707.7,29702.1,29753.4,29756.6,29778.2,29815.5,29882.3,29887.5,29912.7,29877.9,29894.1,29950.9,29966.8,29957.1,29922.5,29945.9,29978.2,29964.6,29880.7,29862.1,29837.5,29832.0,29838.8,29844.3,29852.0,29878.9,29936.6,29933.4,29932.0,29905.5,29894.8,29889.7,29928.8],"lo":[19945.9,20618.6,21107.9,21584.8,22543.9,23359.3,24046.6,24512.1,24875.1,25329.3,25737.8,26090.3,26491.3,26812.4,27113.9,27378.2,27541.6,27601.2,27805.0,27930.6,28055.0,28122.3,28198.5,28316.2,28425.2,28424.4,28544.5,28633.5,28786.0,28890.0,28858.3,28895.4,28983.7,28883.4,28887.3,28815.2,28820.2,28855.6,28847.6,28809.5,28881.1,28907.4,28869.9,28889.0,28922.4,28945.6,28937.9,28926.9,28883.6,28960.9,29015.9,29092.3,29089.0,29114.3,29121.7,29161.3,29199.2,29215.5,29105.5,29113.9,29120.9,29099.9,29080.3,28988.0,28904.1,28901.0,28905.9,28860.8,28898.9,28952.9,29025.3,29042.0,29151.8,29200.0,29292.5,29313.3,29361.9,29322.4,29301.7,29285.9,29252.1,29215.4,29176.3,29079.7,29150.6,29196.8,29204.7,29243.5,29222.6,29266.3,29282.6,29325.9,29372.2,29349.2,29363.1,29346.8,29349.0,29366.5,29330.5,29317.9,29262.0,29181.4,29195.2,29221.2,29261.2,29275.5,29275.0,29334.0,29445.0,29426.5,29450.1,29421.5,29371.1,29288.1,29308.4,29228.9,29186.6,29127.8,29162.7,29244.3,29314.0,29274.7,29283.6,29307.8,29362.2,29255.4,29188.9,29089.4,29122.8,29083.6,29103.6,29085.9,29157.5,29200.5,29281.0,29306.0,29369.4,29451.2,29411.5,29369.5,29265.4,29295.3,29245.7,29253.3,29132.9,29098.8,29180.0,29269.8,29242.1,29267.1,29221.4,29377.8,29418.3,29381.8,29382.9,29385.3,29382.6,29422.1,29380.5,29446.4,29436.3,29427.5,29377.0,29393.9,29403.3,29363.6,29304.5,29334.3,29280.3,29365.1,29328.5,29300.5,29364.7,29407.7,29397.9,29406.5,29354.8,29387.8,29468.3,29484.7,29486.6,29511.3,29604.3,29664.1,29710.0,29623.2,29562.5,29533.2,29528.0,29511.3,29512.2,29494.6,29546.1,29627.9,29645.6,29637.3,29581.5,29565.7,29548.3,29565.5],"hi":[21641.6,22225.4,22843.8,23361.6,24382.6,25340.7,26079.8,26753.6,27304.2,27595.0,27816.2,27985.4,28088.0,28244.8,28388.9,28460.4,28604.9,28696.7,28805.0,28860.5,28939.7,28980.1,29004.0,29096.3,29200.9,29327.8,29459.8,29501.1,29610.0,29680.0,29652.8,29717.8,29646.3,29656.6,29792.3,29775.5,29793.4,29911.9,29903.8,29950.5,29889.6,29798.3,29779.4,29750.3,29710.8,29721.1,29634.9,29698.9,29688.2,29743.7,29796.6,29824.9,29810.2,29902.1,29866.9,29950.5,29921.8,29942.7,29927.0,29956.1,29915.8,29941.2,29921.2,29891.3,29842.4,29830.8,29820.6,29831.3,29796.8,29801.0,29885.1,29896.6,29889.6,29921.8,29965.4,29986.0,30037.0,29981.1,30031.9,30043.4,30049.7,30067.5,30058.0,29990.3,30043.3,30124.9,30155.3,30144.0,30127.4,30217.3,30241.7,30211.3,30143.5,30135.4,30109.1,30063.6,30018.1,30021.7,30070.2,30027.4,29993.1,30037.5,30059.8,30119.9,30137.7,30143.1,30255.4,30295.6,30303.2,30356.3,30313.9,30284.9,30250.3,30186.2,30128.0,30080.8,30030.9,30052.2,30083.3,30102.8,30032.1,30025.3,30000.6,30024.4,30051.4,30045.7,30029.7,30129.9,30197.5,30281.7,30314.2,30258.0,30216.8,30273.8,30209.3,30209.0,30200.2,30207.8,30209.3,30237.3,30202.4,30244.0,30207.1,30183.5,30143.9,30128.3,30179.6,30165.2,30141.9,30200.8,30210.7,30265.1,30265.3,30194.3,30177.1,30118.6,30033.1,30007.9,30011.3,30060.1,30077.6,30069.7,30133.7,30186.4,30157.4,30088.2,30027.0,30081.1,30124.0,30141.7,30184.8,30255.9,30266.4,30356.9,30377.1,30418.9,30401.0,30400.5,30433.5,30448.9,30427.7,30333.7,30287.5,30292.3,30219.3,30138.2,30161.8,30141.8,30135.9,30166.2,30176.4,30209.3,30211.7,30245.3,30221.2,30226.6,30229.5,30223.9,30231.2,30292.0]}},"demo3":{"e01":{"mean":[20140.0,20481.7,20822.9,21144.8,21816.6,22471.8,23101.3,23597.9,24132.1,24604.3,25090.4,25523.6,25860.2,26108.2,26403.6,26641.2,26910.7,27082.5,27205.5,27365.7,27505.9,27648.6,27707.7,27742.3,27803.6,27910.0,27991.6,28154.5,28243.0,28355.5,28380.2,28504.6,28531.2,28556.8,28600.4,28634.3,28657.3,28755.9,28730.7,28747.9,28770.7,28753.4,28750.4,28795.7,28789.5,28775.9,28777.7,28778.4,28726.4,28745.7,28740.2,28827.5,28872.1,28917.3,28955.9,29033.0,29076.8,29156.3,29086.3,29095.7,29067.5,29087.5,29080.2,29021.2,28945.5,28973.7,28970.2,28973.2,28994.3,29013.4,2